-2
1
126
149
180
207
103
215
254
243
289
239
299
100
53
104
272
139
140
12
23
158
182
183
29
86
106
57
114
120
251
258
236
248
290
196
263
332
292
172
227
241
129
81
97
217
164
179
173
209
82
88
99
71
112
211
279
340
7
96
252
334
336
337
344
43
30
117
92
87
98
94
160
122
300
303
317
315
304
208
210
70
150
206
325
309
250
145
148
130
134
135
137
128
127
3
295
297
136
49
45
293
230
235
229
234
276
264
271
218
221
247
256
224
56
281
284
285
287
310
203
202
161
157
159
83
219
144
283
331
321
306
319
322
329
316
253
275
307
323
312
265
102
311
245
5
25
26
27
33
40
121
6
20
154
107
194
115
54
109
116
262
201
278
330
240
333
341
204
205
233
85
60
67
152
171
166
176
124
266
267
268
269
270
4
38
2
8
143
153
165
125
175
185
186
189
190
191
192
188
181
195
119
226
237
238
242
259
282
291
294
296
298
314
343
346
347
348
349
231
59
305
31
28
32
41
35
34
36
37
24
46
51
72
76
78
220
17
308
345
274
11
142
141
18
15
22
13
16
14
50
52
255
257
288
223
324
318
132
110
113
244
55
123
101
44
39
108
48
249
73
58
42
200
246
277
61
198
9
155
151
228
19
138
286
199
21
184
69
118
260
328
222
193
47
80
170
156
162
163
167
168
169
178
301
174
105
232
10
326
327
302
320
313
62
84
64
65
66
68
74
75
77
273
197
212
146
147
225
214
90
93
133
131
187
213
79
89
95
177
216
280
335
342
338
339
63
91
111
261
